-01 -01 -01 -01 -01 -01 -01 -01 -01 -01 -01 -01 -01 -01 -01 -01 -01 -01 -01 -01 -01 -01 -01 -01 -01 -01 -01 -01 -01 -01 -01 -01 -01 -01 -01 -01 -01 -01 -01 -01 -01 -01 -01 -01 -01 -01 -01 -01 -01 -01 -01 -01 -01 -01 000 -01 -01 -01 -01 -01 -01 -01 -01 -01 -01 -01 -01 -01 -01 -01 -01 -01 -01 -01 -01 -01 -01 -01 -01 -01 -01 -01 -01 -01 -01 -01 -01 -01 -01 -01 
-01 001 -01 -01 -01 -01 -01 -01 -01 -01 -01 -01 -01 -01 -01 -01 -01 -01 001 001 001 001 001 001 001 001 001 001 001 001 001 001 001 001 001 -01 001 001 001 001 -01 -01 -01 -01 -01 001 001 001 001 -01 -01 -01 -01 -01 -01 001 -01 -01 -01 -01 001 -01 -01 -01 -01 -01 -01 -01 -01 -01 -01 -01 -01 -01 -01 -01 -01 -01 -01 -01 -01 -01 -01 -01 -01 -01 -01 -01 -01 -01 
-01 003 -01 -01 -01 -01 -01 -01 -01 -01 -01 -01 -01 -01 -01 -01 -01 -01 003 003 003 003 003 003 003 003 003 003 003 003 003 003 003 003 003 -01 003 003 003 002 -01 -01 -01 -01 -01 002 002 002 002 -01 -01 -01 -01 -01 -01 003 -01 -01 -01 -01 003 -01 -01 -01 -01 -01 -01 -01 -01 -01 -01 -01 -01 -01 -01 -01 -01 -01 -01 -01 -01 -01 -01 -01 -01 -01 -01 -01 -01 -01 
-01 -01 -01 -01 -01 -01 -01 -01 -01 -01 -01 -01 -01 -01 -01 -01 -01 -01 -01 -01 -01 -01 -01 -01 -01 -01 -01 -01 -01 -01 -01 -01 -01 -01 -01 -01 -01 -01 -01 005 -01 -01 -01 -01 -01 004 004 004 004 -01 -01 -01 -01 -01 -01 -01 -01 -01 -01 -01 -01 -01 -01 -01 -01 -01 -01 -01 -01 -01 -01 -01 -01 -01 -01 -01 -01 -01 -01 -01 -01 -01 -01 -01 -01 -01 -01 -01 -01 -01 
-01 006 -01 -01 -01 -01 -01 -01 -01 -01 -01 -01 -01 -01 -01 -01 -01 -01 -01 -01 -01 -01 -01 -01 -01 -01 -01 -01 -01 -01 -01 -01 -01 -01 -01 -01 -01 -01 -01 -01 -01 -01 -01 -01 -01 -01 -01 -01 -01 -01 -01 -01 -01 -01 -01 -01 -01 -01 -01 -01 -01 -01 -01 -01 -01 -01 -01 -01 -01 -01 -01 -01 -01 -01 -01 -01 -01 -01 -01 -01 -01 -01 -01 -01 -01 -01 -01 -01 -01 -01 
-01 -01 -01 -01 -01 -01 -01 -01 -01 -01 -01 -01 -01 -01 -01 -01 -01 -01 -01 -01 -01 -01 -01 -01 -01 -01 -01 -01 -01 -01 -01 -01 -01 -01 -01 -01 -01 -01 -01 -01 -01 -01 -01 -01 -01 -01 -01 -01 -01 -01 -01 -01 -01 -01 -01 -01 -01 -01 -01 -01 008 007 -01 -01 -01 -01 -01 -01 -01 -01 -01 -01 -01 -01 -01 -01 -01 -01 -01 -01 -01 -01 -01 -01 -01 -01 -01 -01 -01 -01 
-01 -01 -01 -01 -01 -01 -01 -01 -01 -01 -01 -01 -01 -01 -01 -01 -01 -01 -01 -01 -01 -01 -01 -01 -01 -01 -01 -01 -01 -01 -01 -01 -01 -01 -01 -01 -01 -01 -01 -01 -01 -01 -01 -01 -01 009 010 012 011 -01 -01 -01 -01 -01 -01 -01 -01 -01 -01 -01 -01 -01 -01 -01 -01 -01 -01 -01 -01 -01 -01 -01 -01 -01 -01 -01 -01 -01 -01 -01 -01 -01 -01 -01 -01 -01 -01 -01 -01 -01 
-01 -01 -01 -01 -01 -01 -01 -01 -01 -01 -01 -01 -01 -01 -01 -01 -01 -01 -01 -01 -01 -01 -01 -01 -01 -01 -01 -01 -01 -01 -01 -01 -01 -01 -01 -01 -01 -01 -01 013 -01 -01 -01 -01 -01 -01 -01 -01 -01 -01 -01 -01 -01 -01 -01 -01 -01 -01 -01 -01 -01 -01 -01 -01 -01 -01 -01 -01 -01 -01 -01 -01 -01 -01 -01 -01 -01 -01 -01 -01 -01 -01 -01 -01 -01 -01 -01 -01 -01 -01 
-01 014 -01 -01 -01 -01 -01 -01 -01 -01 -01 -01 -01 -01 -01 -01 -01 -01 -01 -01 -01 -01 -01 -01 -01 -01 -01 -01 -01 -01 -01 -01 -01 -01 -01 -01 -01 -01 -01 -01 -01 -01 -01 -01 -01 -01 -01 -01 -01 -01 -01 -01 -01 -01 -01 -01 -01 -01 -01 -01 -01 -01 -01 -01 -01 -01 -01 -01 -01 -01 -01 -01 -01 -01 -01 -01 -01 -01 -01 -01 -01 -01 -01 -01 -01 -01 -01 -01 -01 -01 
-01 -01 -01 -01 -01 -01 -01 -01 -01 -01 -01 -01 -01 -01 -01 -01 -01 -01 -01 -01 -01 -01 -01 -01 -01 -01 -01 -01 -01 -01 -01 -01 -01 -01 -01 -01 -01 -01 -01 -01 -01 -01 -01 -01 -01 -01 -01 -01 -01 -01 -01 -01 -01 -01 -01 -01 -01 -01 -01 -01 016 015 -01 -01 -01 -01 -01 -01 -01 -01 -01 -01 -01 -01 -01 -01 -01 -01 -01 -01 -01 -01 -01 -01 -01 -01 -01 -01 -01 -01 
-01 017 -01 -01 -01 -01 -01 -01 -01 -01 -01 -01 -01 -01 -01 -01 -01 -01 017 017 017 017 017 017 017 017 017 017 017 017 017 017 017 017 017 -01 017 017 017 -01 -01 -01 -01 -01 -01 -01 -01 -01 -01 -01 -01 -01 -01 -01 -01 018 -01 -01 -01 -01 017 -01 -01 -01 -01 -01 -01 -01 -01 -01 -01 -01 -01 -01 -01 -01 -01 -01 -01 -01 -01 -01 -01 -01 -01 -01 -01 -01 -01 -01 
-01 019 -01 -01 -01 -01 -01 -01 -01 -01 -01 -01 -01 -01 -01 -01 -01 -01 019 019 019 019 019 019 019 019 019 019 019 019 019 019 019 019 020 -01 020 020 019 -01 -01 -01 -01 -01 -01 -01 -01 -01 -01 -01 -01 -01 -01 -01 -01 -01 -01 -01 -01 -01 019 -01 -01 -01 -01 -01 -01 -01 -01 -01 -01 -01 -01 -01 -01 -01 -01 -01 -01 -01 -01 -01 -01 -01 -01 -01 -01 -01 -01 -01 
-01 022 -01 -01 -01 -01 -01 -01 -01 -01 -01 -01 -01 -01 -01 -01 -01 -01 021 021 021 021 021 021 021 021 021 021 021 021 021 021 021 021 -01 -01 -01 -01 023 -01 -01 -01 -01 -01 -01 -01 -01 -01 -01 -01 -01 -01 -01 -01 -01 -01 -01 -01 -01 -01 024 -01 -01 -01 -01 -01 -01 -01 -01 -01 -01 -01 -01 -01 -01 -01 -01 -01 -01 -01 -01 -01 -01 -01 -01 -01 -01 -01 -01 -01 
-01 -01 -01 -01 -01 -01 -01 -01 -01 -01 -01 -01 -01 -01 -01 -01 -01 -01 -01 -01 -01 -01 -01 -01 -01 -01 -01 -01 -01 -01 -01 -01 -01 -01 -01 -01 -01 -01 -01 -01 -01 -01 -01 -01 -01 -01 -01 -01 -01 -01 -01 -01 -01 -01 -01 -01 026 -01 027 -01 027 -01 -01 -01 -01 -01 -01 -01 -01 -01 -01 -01 -01 -01 -01 -01 -01 -01 -01 -01 -01 -01 -01 -01 025 -01 -01 -01 -01 -01 
-01 -01 -01 -01 -01 -01 -01 -01 -01 -01 -01 -01 -01 -01 -01 -01 -01 -01 -01 -01 -01 -01 -01 -01 -01 -01 -01 -01 -01 -01 -01 -01 -01 -01 -01 -01 -01 -01 -01 -01 -01 -01 -01 -01 -01 -01 -01 -01 -01 -01 -01 -01 -01 -01 -01 -01 -01 029 028 029 029 029 -01 -01 -01 -01 -01 -01 -01 -01 029 029 029 029 029 029 029 -01 029 029 029 029 029 029 -01 -01 -01 -01 -01 -01 
-01 -01 -01 -01 -01 -01 -01 -01 -01 -01 -01 -01 -01 -01 -01 -01 -01 -01 -01 -01 -01 -01 -01 -01 -01 -01 -01 -01 -01 -01 -01 -01 -01 -01 031 -01 030 032 -01 -01 -01 -01 -01 -01 -01 -01 -01 -01 -01 -01 -01 -01 -01 -01 -01 -01 -01 -01 -01 -01 -01 -01 -01 -01 -01 -01 -01 -01 -01 -01 -01 -01 -01 -01 -01 -01 -01 -01 -01 -01 -01 -01 -01 -01 -01 -01 -01 -01 -01 -01 
-01 034 -01 -01 -01 -01 -01 -01 -01 -01 -01 -01 -01 -01 -01 -01 -01 -01 034 034 034 034 034 034 034 034 034 034 034 034 034 034 034 034 034 033 034 034 034 -01 -01 -01 -01 -01 -01 -01 -01 -01 -01 -01 -01 -01 -01 -01 -01 034 -01 -01 -01 -01 034 -01 -01 -01 -01 -01 -01 -01 -01 -01 -01 -01 -01 -01 -01 -01 -01 -01 -01 -01 -01 -01 -01 -01 -01 -01 -01 -01 -01 -01 
-01 035 035 035 035 035 035 035 035 035 035 035 035 035 035 035 035 035 035 035 035 035 035 035 035 035 035 035 035 035 035 035 035 035 -01 -01 -01 -01 -01 -01 -01 -01 -01 -01 -01 -01 -01 -01 -01 -01 -01 -01 -01 -01 -01 -01 -01 -01 035 -01 -01 -01 -01 -01 -01 -01 -01 -01 -01 -01 035 035 -01 -01 -01 -01 -01 035 -01 -01 -01 -01 -01 -01 -01 035 035 035 -01 -01 
-01 -01 -01 -01 -01 -01 -01 -01 -01 -01 -01 -01 -01 -01 -01 -01 -01 -01 -01 -01 -01 -01 -01 -01 -01 -01 -01 -01 -01 -01 -01 -01 -01 -01 -01 -01 -01 -01 -01 -01 -01 -01 -01 -01 -01 -01 -01 -01 -01 -01 -01 -01 -01 -01 -01 -01 -01 037 -01 037 037 037 -01 -01 -01 -01 -01 -01 -01 -01 -01 -01 -01 -01 -01 -01 036 -01 -01 -01 -01 -01 -01 -01 -01 -01 -01 -01 -01 -01 
-01 038 038 038 038 038 038 038 038 038 038 038 038 038 038 038 038 038 038 038 038 038 038 038 038 038 038 038 038 038 038 038 038 038 -01 -01 -01 -01 -01 -01 -01 -01 -01 -01 -01 -01 -01 -01 -01 -01 -01 -01 -01 -01 -01 -01 -01 -01 038 -01 -01 -01 -01 -01 -01 -01 -01 -01 -01 -01 038 038 -01 -01 -01 -01 -01 038 -01 -01 -01 -01 -01 -01 -01 038 038 038 -01 -01 
-01 -01 -01 -01 -01 -01 -01 -01 -01 -01 -01 -01 -01 -01 -01 -01 -01 -01 -01 -01 -01 -01 -01 -01 -01 -01 -01 -01 -01 -01 -01 -01 -01 -01 -01 -01 -01 -01 -01 -01 -01 -01 -01 -01 -01 -01 -01 -01 -01 -01 -01 -01 -01 -01 -01 -01 -01 040 -01 040 040 040 -01 -01 -01 -01 -01 -01 -01 -01 -01 -01 -01 -01 -01 039 040 -01 -01 -01 -01 -01 -01 -01 -01 -01 -01 -01 -01 -01 
-01 041 041 041 041 041 041 041 041 041 041 041 041 041 041 041 041 041 041 041 041 041 041 041 041 041 041 041 041 041 041 041 041 041 -01 -01 -01 -01 -01 -01 -01 -01 -01 -01 -01 -01 -01 -01 -01 -01 -01 -01 -01 -01 -01 -01 -01 -01 041 -01 -01 -01 -01 -01 -01 -01 -01 -01 -01 -01 041 041 -01 -01 -01 -01 -01 041 -01 -01 -01 -01 -01 -01 -01 041 041 041 -01 -01 
-01 -01 -01 -01 -01 -01 -01 -01 -01 -01 -01 -01 -01 -01 -01 -01 -01 -01 -01 -01 -01 -01 -01 -01 -01 -01 -01 -01 -01 -01 -01 -01 -01 -01 -01 -01 -01 -01 -01 -01 -01 -01 -01 -01 -01 -01 -01 -01 -01 -01 -01 -01 -01 -01 -01 -01 -01 043 -01 043 043 043 -01 -01 -01 -01 -01 -01 -01 -01 -01 -01 -01 -01 -01 043 043 -01 042 042 042 042 042 042 -01 -01 -01 -01 -01 -01 
-01 044 044 044 044 044 044 044 044 044 044 044 044 044 044 044 044 044 044 044 044 044 044 044 044 044 044 044 044 044 044 044 044 044 -01 -01 -01 -01 -01 -01 -01 -01 -01 -01 -01 -01 -01 -01 -01 -01 -01 -01 -01 -01 -01 -01 -01 -01 044 -01 -01 -01 -01 -01 -01 -01 -01 -01 -01 -01 044 044 -01 -01 -01 -01 -01 044 -01 -01 -01 -01 -01 -01 -01 044 044 044 -01 -01 
-01 -01 -01 -01 -01 -01 -01 -01 -01 -01 -01 -01 -01 -01 -01 -01 -01 -01 -01 -01 -01 -01 -01 -01 -01 -01 -01 -01 -01 -01 -01 -01 -01 -01 -01 -01 -01 -01 -01 -01 -01 -01 -01 -01 -01 -01 -01 -01 -01 -01 -01 -01 -01 -01 -01 -01 -01 046 -01 046 046 046 -01 -01 -01 -01 -01 -01 -01 -01 045 045 -01 -01 -01 046 046 -01 046 046 046 046 046 046 -01 -01 -01 -01 -01 -01 
-01 047 047 047 047 047 047 047 047 047 047 047 047 047 047 047 047 047 047 047 047 047 047 047 047 047 047 047 047 047 047 047 047 047 -01 -01 -01 -01 -01 -01 -01 -01 -01 -01 -01 -01 -01 -01 -01 -01 -01 -01 -01 -01 -01 -01 -01 -01 047 -01 -01 -01 -01 -01 -01 -01 -01 -01 -01 -01 047 047 -01 -01 -01 -01 -01 047 -01 -01 -01 -01 -01 -01 -01 047 047 047 -01 -01 
-01 -01 -01 -01 -01 -01 -01 -01 -01 -01 -01 -01 -01 -01 -01 -01 -01 -01 -01 -01 -01 -01 -01 -01 -01 -01 -01 -01 -01 -01 -01 -01 -01 -01 -01 -01 -01 -01 -01 -01 -01 -01 -01 -01 -01 -01 -01 -01 -01 -01 -01 -01 -01 -01 -01 -01 -01 049 -01 049 049 049 -01 -01 -01 -01 -01 -01 -01 -01 049 049 048 048 048 049 049 -01 049 049 049 049 049 049 -01 -01 -01 -01 -01 -01 
-01 -01 -01 -01 -01 -01 -01 -01 -01 -01 -01 -01 -01 -01 -01 -01 -01 -01 -01 -01 -01 -01 -01 -01 -01 -01 -01 -01 -01 -01 -01 -01 -01 -01 -01 -01 -01 -01 -01 -01 -01 -01 -01 -01 -01 -01 -01 -01 -01 -01 -01 -01 -01 -01 -01 -01 -01 -01 -01 -01 -01 -01 -01 -01 -01 -01 -01 -01 -01 -01 -01 -01 -01 -01 -01 -01 -01 -01 055 053 054 052 050 051 -01 -01 -01 -01 -01 -01 
-01 -01 -01 -01 -01 -01 -01 -01 -01 -01 -01 -01 -01 -01 -01 -01 -01 -01 -01 -01 -01 -01 -01 -01 -01 -01 -01 -01 -01 -01 -01 -01 -01 -01 -01 -01 -01 -01 -01 -01 -01 -01 -01 -01 -01 -01 -01 -01 -01 -01 -01 -01 -01 -01 -01 -01 -01 -01 -01 -01 -01 -01 -01 -01 -01 -01 -01 -01 -01 -01 056 057 -01 -01 -01 -01 -01 -01 -01 -01 -01 -01 -01 -01 -01 -01 -01 -01 -01 -01 
-01 -01 -01 -01 -01 -01 -01 -01 -01 -01 -01 -01 -01 -01 -01 -01 -01 -01 -01 -01 -01 -01 -01 -01 -01 -01 -01 -01 -01 -01 -01 -01 -01 -01 -01 -01 -01 -01 -01 -01 -01 -01 -01 -01 -01 -01 -01 -01 -01 -01 -01 -01 -01 -01 -01 -01 -01 -01 -01 -01 -01 -01 -01 -01 -01 -01 -01 -01 -01 -01 -01 -01 058 059 060 -01 -01 -01 -01 -01 -01 -01 -01 -01 -01 -01 -01 -01 -01 -01 
-01 061 061 061 061 061 061 061 061 061 061 061 061 061 061 061 061 061 061 061 061 061 061 061 061 061 061 061 061 061 061 061 061 061 -01 -01 -01 -01 -01 -01 -01 -01 -01 -01 -01 -01 -01 -01 -01 -01 -01 -01 -01 -01 -01 -01 -01 -01 063 -01 -01 -01 -01 -01 -01 -01 -01 -01 -01 -01 064 065 -01 -01 -01 -01 -01 066 -01 -01 -01 -01 -01 -01 -01 062 062 062 -01 -01 
-01 067 068 068 068 068 068 068 068 068 068 068 068 068 068 068 068 068 069 069 069 069 069 069 069 069 069 069 069 069 069 069 069 069 -01 -01 -01 -01 -01 -01 -01 -01 -01 -01 -01 -01 -01 -01 -01 -01 -01 -01 -01 -01 -01 -01 -01 -01 -01 -01 -01 -01 -01 -01 -01 -01 -01 -01 -01 -01 -01 -01 -01 -01 -01 -01 -01 -01 -01 -01 -01 -01 -01 -01 -01 -01 -01 -01 -01 -01 
-01 -01 -01 -01 -01 -01 -01 -01 -01 -01 -01 -01 -01 -01 -01 -01 -01 -01 -01 -01 -01 -01 -01 -01 -01 -01 -01 -01 -01 -01 -01 -01 -01 -01 -01 -01 -01 -01 -01 -01 -01 -01 -01 -01 -01 -01 -01 -01 -01 -01 -01 -01 -01 -01 -01 -01 070 071 071 071 071 071 -01 -01 -01 -01 -01 -01 -01 -01 071 071 071 071 071 071 071 -01 071 071 071 071 071 071 -01 -01 -01 -01 -01 -01 
-01 -01 072 073 074 075 076 077 078 079 080 081 082 083 084 085 086 087 -01 -01 -01 -01 -01 -01 -01 -01 -01 -01 -01 -01 -01 -01 -01 -01 -01 -01 -01 -01 -01 -01 -01 -01 -01 -01 -01 -01 -01 -01 -01 -01 -01 -01 -01 -01 -01 -01 -01 -01 -01 -01 -01 -01 -01 -01 -01 -01 -01 -01 -01 -01 -01 -01 -01 -01 -01 -01 -01 -01 -01 -01 -01 -01 -01 -01 -01 -01 -01 -01 -01 -01 
-01 -01 -01 -01 -01 -01 -01 -01 -01 -01 -01 -01 -01 -01 -01 -01 -01 -01 088 089 090 091 092 093 094 095 096 097 098 099 100 101 102 103 -01 -01 -01 -01 -01 -01 -01 -01 -01 -01 -01 -01 -01 -01 -01 -01 -01 -01 -01 -01 -01 -01 -01 -01 -01 -01 -01 -01 -01 -01 -01 -01 -01 -01 -01 -01 -01 -01 -01 -01 -01 -01 -01 -01 -01 -01 -01 -01 -01 -01 -01 -01 -01 -01 -01 -01 
-01 104 104 104 104 104 104 104 104 104 104 104 104 104 104 104 104 104 104 104 104 104 104 104 104 104 104 104 104 104 104 104 104 104 -01 -01 -01 -01 -01 -01 -01 -01 -01 -01 -01 -01 -01 -01 -01 -01 -01 -01 -01 -01 -01 -01 -01 -01 104 105 -01 -01 -01 -01 -01 -01 -01 -01 -01 -01 104 104 -01 -01 -01 -01 -01 104 -01 -01 -01 -01 -01 -01 -01 104 104 104 -01 -01 
-01 -01 -01 -01 -01 -01 -01 -01 -01 -01 -01 -01 -01 -01 -01 -01 -01 -01 -01 -01 -01 -01 -01 -01 -01 -01 -01 -01 -01 -01 -01 -01 -01 -01 -01 -01 -01 -01 -01 -01 -01 -01 -01 -01 -01 -01 -01 -01 -01 -01 -01 -01 -01 -01 -01 -01 -01 -01 -01 107 -01 106 -01 -01 -01 -01 -01 -01 -01 -01 -01 -01 -01 -01 -01 -01 -01 -01 -01 -01 -01 -01 -01 -01 -01 -01 -01 -01 -01 -01 
-01 -01 -01 -01 -01 -01 -01 -01 -01 -01 -01 -01 -01 -01 -01 -01 -01 -01 -01 -01 -01 -01 -01 -01 -01 -01 -01 -01 -01 -01 -01 -01 -01 -01 -01 -01 -01 -01 -01 -01 -01 -01 -01 -01 -01 -01 -01 -01 -01 -01 -01 -01 -01 -01 -01 -01 -01 -01 -01 -01 -01 -01 -01 -01 -01 -01 -01 -01 -01 -01 -01 -01 -01 -01 -01 -01 -01 -01 -01 -01 -01 -01 -01 -01 -01 108 109 110 -01 -01 
-01 -01 111 111 111 111 111 111 111 111 111 111 111 111 111 111 111 111 112 112 112 112 112 112 112 112 112 112 112 112 112 112 112 112 -01 -01 -01 -01 -01 -01 -01 -01 -01 -01 -01 -01 -01 -01 -01 -01 -01 -01 -01 -01 -01 -01 -01 -01 -01 -01 -01 -01 -01 -01 -01 -01 -01 -01 -01 -01 -01 -01 -01 -01 -01 -01 -01 -01 -01 -01 -01 -01 -01 -01 -01 -01 -01 -01 -01 -01 
-01 114 -01 -01 -01 -01 -01 -01 -01 -01 -01 -01 -01 -01 -01 -01 -01 -01 114 114 114 114 114 114 114 114 114 114 114 114 114 114 114 114 114 -01 114 114 114 -01 -01 -01 -01 -01 -01 -01 -01 -01 -01 -01 -01 -01 -01 -01 113 -01 -01 -01 -01 -01 114 -01 -01 -01 -01 -01 -01 -01 -01 -01 -01 -01 -01 -01 -01 -01 -01 -01 -01 -01 -01 -01 -01 -01 -01 -01 -01 -01 -01 -01 
-01 -01 -01 -01 -01 -01 -01 -01 -01 -01 -01 -01 -01 -01 -01 -01 -01 -01 -01 -01 -01 -01 -01 -01 -01 -01 -01 -01 -01 -01 -01 -01 -01 -01 -01 -01 -01 -01 -01 -01 -01 -01 -01 -01 -01 -01 -01 -01 -01 -01 -01 -01 -01 -01 -01 -01 -01 -01 -01 -01 -01 -01 -01 -01 -01 -01 -01 -01 -01 -01 -01 -01 -01 -01 -01 -01 -01 -01 -01 -01 -01 -01 -01 -01 -01 -01 -01 -01 -01 -01 
-01 -01 -01 -01 -01 -01 -01 -01 -01 -01 -01 -01 -01 -01 -01 -01 -01 -01 -01 -01 -01 -01 -01 -01 -01 -01 -01 -01 -01 -01 -01 -01 -01 -01 -01 -01 -01 -01 -01 -01 -01 -01 -01 -01 -01 -01 -01 -01 -01 -01 -01 -01 -01 -01 -01 -01 -01 -01 -01 -01 -01 -01 -01 -01 -01 -01 -01 -01 -01 -01 -01 -01 -01 -01 -01 -01 -01 -01 -01 -01 -01 -01 -01 -01 -01 -01 -01 -01 -01 -01 
-01 -01 -01 -01 -01 -01 -01 -01 -01 -01 -01 -01 -01 -01 -01 -01 -01 -01 -01 -01 -01 -01 -01 -01 -01 -01 -01 -01 -01 -01 -01 -01 -01 -01 -01 -01 -01 -01 -01 -01 -01 -01 -01 -01 -01 -01 -01 -01 -01 -01 -01 -01 -01 -01 -01 -01 -01 -01 -01 -01 -01 -01 -01 -01 -01 -01 -01 -01 -01 -01 -01 -01 -01 -01 -01 -01 -01 -01 -01 -01 -01 -01 -01 -01 -01 -01 -01 -01 -01 -01 
-01 -01 -01 -01 -01 -01 -01 -01 -01 -01 -01 -01 -01 -01 -01 -01 -01 -01 -01 -01 -01 -01 -01 -01 -01 -01 -01 -01 -01 -01 -01 -01 -01 -01 -01 -01 -01 -01 -01 -01 -01 -01 -01 -01 -01 -01 -01 -01 -01 -01 -01 -01 -01 -01 -01 -01 -01 -01 -01 -01 -01 -01 -01 -01 -01 -01 -01 -01 -01 -01 -01 -01 -01 -01 -01 -01 -01 -01 -01 -01 -01 -01 -01 -01 -01 -01 -01 -01 -01 -01 
-01 -01 -01 -01 -01 -01 -01 -01 -01 -01 -01 -01 -01 -01 -01 -01 -01 -01 -01 -01 -01 -01 -01 -01 -01 -01 -01 -01 -01 -01 -01 -01 -01 -01 -01 -01 -01 -01 -01 -01 -01 -01 -01 -01 -01 -01 -01 -01 -01 -01 -01 -01 -01 -01 -01 -01 -01 -01 -01 -01 -01 -01 -01 -01 -01 -01 -01 -01 -01 -01 -01 -01 -01 -01 -01 -01 -01 -01 -01 -01 -01 -01 -01 -01 -01 -01 -01 -01 -01 -01 
-01 -01 -01 -01 -01 -01 -01 -01 -01 -01 -01 -01 -01 -01 -01 -01 -01 -01 -01 -01 -01 -01 -01 -01 -01 -01 -01 -01 -01 -01 -01 -01 -01 -01 -01 -01 -01 -01 -01 -01 -01 -01 -01 -01 -01 -01 -01 -01 -01 -01 -01 -01 -01 -01 -01 -01 -01 -01 -01 -01 -01 -01 -01 -01 -01 -01 -01 -01 -01 -01 -01 -01 -01 -01 -01 -01 -01 -01 -01 -01 -01 -01 -01 -01 -01 -01 -01 -01 -01 -01 
-01 -01 -01 -01 -01 -01 -01 -01 -01 -01 -01 -01 -01 -01 -01 -01 -01 -01 -01 -01 -01 -01 -01 -01 -01 -01 -01 -01 -01 -01 -01 -01 -01 -01 -01 -01 -01 -01 -01 -01 -01 -01 -01 -01 -01 -01 -01 -01 -01 -01 -01 -01 -01 -01 -01 -01 -01 -01 -01 -01 -01 -01 -01 -01 -01 -01 -01 -01 -01 -01 -01 -01 -01 -01 -01 -01 -01 -01 -01 -01 -01 -01 -01 -01 -01 -01 -01 -01 -01 -01 
-01 -01 -01 -01 -01 -01 -01 -01 -01 -01 -01 -01 -01 -01 -01 -01 -01 -01 -01 -01 -01 -01 -01 -01 -01 -01 -01 -01 -01 -01 -01 -01 -01 -01 -01 -01 -01 -01 -01 -01 -01 -01 -01 -01 -01 -01 -01 -01 -01 -01 -01 -01 -01 -01 -01 -01 -01 -01 -01 -01 -01 -01 -01 -01 -01 -01 -01 -01 -01 -01 -01 -01 -01 -01 -01 -01 -01 -01 -01 -01 -01 -01 -01 -01 -01 -01 -01 -01 -01 -01 
-01 -01 -01 -01 -01 -01 -01 -01 -01 -01 -01 -01 -01 -01 -01 -01 -01 -01 -01 -01 -01 -01 -01 -01 -01 -01 -01 -01 -01 -01 -01 -01 -01 -01 -01 -01 -01 -01 -01 -01 -01 -01 -01 -01 -01 -01 -01 -01 -01 -01 -01 -01 -01 -01 -01 -01 -01 -01 -01 -01 -01 -01 -01 -01 -01 -01 -01 -01 -01 -01 -01 -01 -01 -01 -01 -01 -01 -01 -01 -01 -01 -01 -01 -01 -01 -01 -01 -01 -01 -01 
-01 -01 -01 -01 -01 -01 -01 -01 -01 -01 -01 -01 -01 -01 -01 -01 -01 -01 -01 -01 -01 -01 -01 -01 -01 -01 -01 -01 -01 -01 -01 -01 -01 -01 -01 -01 -01 -01 -01 -01 -01 -01 -01 -01 -01 -01 -01 -01 -01 -01 -01 -01 -01 -01 -01 -01 -01 -01 -01 -01 -01 -01 -01 -01 -01 -01 -01 -01 -01 -01 -01 -01 -01 -01 -01 -01 -01 -01 -01 -01 -01 -01 -01 -01 -01 -01 -01 -01 -01 -01 
