200 054 201 055
201 202 210
202 203 060 202
202 000
203 206 204
203 207
204 001 205
205 061 001 205
205 000
206 045
206 046
206 048
206 047
207 039 206 208
208 001 056 085 057 209
209 061 001 056 085 057 209
209 000
210 211 210
210 000
211 212 060
211 215
212 234 084 217
212 001 213
212 038 238
212 000
213 084 217
213 056 217 057 084 217
213 214
214 058 235 059
214 000
215 036 058 217 059 239
215 034 058 217 059 239 216
215 037
216 035 239
216 000
217 219 218
218 076 219 218
218 000
219 221 220
220 075 221 220
220 000
221 223 222
222 227 223 222
222 000
223 225 224
224 228 225 224
224 000
225 230 226
226 229 230 226
226 000
227 082
227 083
227 081
227 079
227 080
227 078
228 070
228 071
229 072
229 073
229 074
230 231
230 237
230 058 217 059
230 070 230
230 071 230
230 077 230
231 001 232
231 233
231 234
232 056 217 057
232 214
233 002
233 003
233 004
233 005
233 006
233 007
233 008
233 009
233 010
233 011
233 012
233 013
233 014
233 015
233 016
233 017
234 018
234 019
234 020
234 021
234 022
234 023
234 024
234 025
234 026
234 027
234 028
234 029
234 030
234 031
234 032
234 033
235 217 236
235 000
236 061 217 236
236 000
237 085
237 086
237 087
238 233
238 234
239 054 210 055
239 211

